MTG_L_ECN.nii.gz -59.907173 -39.206751 -14.447257 237 1896.000000
MTG_R_ECN.nii.gz 62.471698 -29.301887 -16.816038 424 3392.000000
RLPFC_L_ECN.nii.gz -33.940030 55.850075 -1.790105 667 5336.000000
RLPFC_R_ECN.nii.gz 32.920410 54.865248 -2.888889 1269 10152.000000
aIPL_L_ECN.nii.gz -47.596730 -54.294278 50.087193 367 2936.000000
aIPL_R_ECN.nii.gz 52.627615 -51.447699 47.034868 717 5736.000000
pDLPFC_L_ECN.nii.gz -40.715190 22.208861 42.797468 316 2528.000000
pDLPFC_R_ECN.nii.gz 40.586047 19.612403 46.993798 1290 10320.000000
pDMPFC_L_ECN.nii.gz -3.620690 28.103448 46.275862 58 464.000000
pDMPFC_R_ECN.nii.gz 4.871166 34.773006 43.693252 163 1304.000000
